class00_f1 = 0.6521738
class00_precision = 0.5555556
class00_recall = 0.7894737
class00_threshold = 0.16582915

class01_f1 = 1.0
class01_precision = 1.0
class01_recall = 1.0
class01_threshold = 0.2512563

class02_f1 = 1.0
class02_precision = 1.0
class02_recall = 1.0
class02_threshold = 0.2361809

class03_f1 = 0.8543688
class03_precision = 0.80981594
class03_recall = 0.9041096
class03_threshold = 0.085427135

class04_f1 = 0.9523809
class04_precision = 0.90909094
class04_recall = 1.0
class04_threshold = 0.28140703

class05_f1 = 0.9166666
class05_precision = 0.9166667
class05_recall = 0.9166667
class05_threshold = 0.5829146

class06_f1 = 0.98947364
class06_precision = 0.9894737
class06_recall = 0.9894737
class06_threshold = 0.16080402

class07_f1 = 0.2222222
class07_precision = 0.125
class07_recall = 0.9999999
class07_threshold = 0.1758794

class08_f1 = 0.8888889
class08_precision = 1.0
class08_recall = 0.8
class08_threshold = 0.1557789

class09_f1 = 0.8249999
class09_precision = 0.84615386
class09_recall = 0.80487806
class09_threshold = 0.21105528

class10_f1 = 0.98113203
class10_precision = 1.0
class10_recall = 0.962963
class10_threshold = 0.085427135

class11_f1 = 0.98113203
class11_precision = 1.0
class11_recall = 0.962963
class11_threshold = 0.12060302

class12_f1 = 0.87499994
class12_precision = 0.7777778
class12_recall = 1.0
class12_threshold = 0.110552765

class13_f1 = 0.8205128
class13_precision = 0.8888889
class13_recall = 0.7619048
class13_threshold = 0.34673366

class14_f1 = 1.0
class14_precision = 1.0
class14_recall = 1.0
class14_threshold = 0.65829146

class15_f1 = 1.0
class15_precision = 1.0
class15_recall = 1.0
class15_threshold = 0.30653265

class16_f1 = 0.8823529
class16_precision = 0.88235295
class16_recall = 0.88235295
class16_threshold = 0.1959799

class17_f1 = 0.9795917
class17_precision = 0.96
class17_recall = 1.0
class17_threshold = 0.13065326

class18_f1 = 0.57142854
class18_precision = 1.0
class18_recall = 0.4
class18_threshold = 0.2713568

class19_f1 = 0.9122806
class19_precision = 0.962963
class19_recall = 0.8666667
class19_threshold = 0.22613065

class20_f1 = 0.9285714
class20_precision = 1.0
class20_recall = 0.8666667
class20_threshold = 0.14070351

class21_f1 = 1.0
class21_precision = 1.0
class21_recall = 1.0
class21_threshold = 0.26633167

class22_f1 = 0.97435886
class22_precision = 1.0
class22_recall = 0.95
class22_threshold = 0.2713568

class23_f1 = 0.95833325
class23_precision = 1.0
class23_recall = 0.92
class23_threshold = 0.2562814

class24_f1 = 0.8852458
class24_precision = 0.8181818
class24_recall = 0.96428573
class24_threshold = 0.10552764

class25_f1 = 0.98181814
class25_precision = 1.0
class25_recall = 0.96428573
class25_threshold = 0.10552764

class26_f1 = 0.982456
class26_precision = 0.9655172
class26_recall = 1.0
class26_threshold = 0.09045226

class27_f1 = 0.68085104
class27_precision = 0.7619048
class27_recall = 0.61538464
class27_threshold = 0.28140703

class28_f1 = 0.64761895
class28_precision = 0.6296296
class28_recall = 0.6666667
class28_threshold = 0.18090452

class29_f1 = 0.8837209
class29_precision = 0.8636364
class29_recall = 0.9047619
class29_threshold = 0.52261305

class30_f1 = 0.7741935
class30_precision = 0.7058824
class30_recall = 0.85714287
class30_threshold = 0.4723618

class_intent_f1 = 0.8505595
class_precision = 0.8934993
class_recall = 0.81155777
class_threshold_ = 0.2763819
loss = 2.4448438
slot_accuracy = 0.9720809
slot_f1 = 0.8959768
slot_precision = 0.9069778
slot_recall = 0.8878232
global_step = 1737
